  9 7 4 4 7 7 4 4 6 2 4 2 1 5 6
3 1 1 1 1 1 1 1 2 2 2 2 2 2 2 2
5 1 1 1 1 2 2 2 2 2 2 2 2 2 2 2
7 7 7 7 1 2 7 7 7 2 2 2 2 2 2 2
3 7 7 7 7 7 7 7 7 7 7 7 2 2 2 2
7 7 8 8 8 7 8 8 7 7 7 2 2 8 2 2
3 7 7 8 8 7 7 8 8 8 8 8 8 8 8 2
0 7 7 7 8 8 8 8 5 8 5 5 8 2 2 2
4 7 5 5 5 5 8 8 5 8 5 8 8 8 2 8
7 7 5 3 3 5 8 8 5 5 5 8 8 8 8 8
8 7 5 3 3 5 5 5 5 5 5 5 5 5 5 5
4 5 5 5 3 5 5 3 3 5 5 5 4 4 5 5
7 9 9 9 3 5 3 3 5 5 4 4 4 5 5 5
5 9 3 3 3 3 3 3 3 3 3 3 4 4 5 5
5 9 9 9 9 9 9 3 3 3 4 4 4 4 5 4
4 9 9 9 9 9 3 3 3 4 4 4 4 4 4 4
