 5  7 12  4  1 14 13 10 14  1  2  9  8  5 11
 1 10  6  5  3  7  2  6 13  4  9  5  5 15  8
 9  1 11 15  5  2  3 13  6  1  4  3 10  1 12
13 15 13  2 13 11  5  8 13 12 13  4 13  9 13
 7  5  8  5  9  4 10  5 12  5 11  5  3  5 14
 8 12  4  9  6 13  7 11  4  5 13 15  4 10 13
11 10  2 10 10  5  3  3  1  6  8  3 12 14 15
12 14 12  5 13 12  1  3 12  8  9  7  9  1  4
12  1  9 14  2 14  4 14  7 14 10 12 13 12  6
 2  7  1 14  7  3  7  4  9 11  7 12  9 13  9
13  5  7  1  4 12 11  2 15 10  3  8 14  8 10
 5 11  5  7  5 13  6  5  8  2 14  5  4  5  9
14  9  5 12 11  8 12  6  9 13  8  1  9  4 12
 3  2  3 13  1  9 15  1  5 14 12  1 11  3  1
 4  7  3  8 12  5  9 15 11  1  5 14  1  8 13
