 1 11  9 13  8 13  7  6  6  2 10 11  5 13 16 11  4  2  3 11
16  1 17  7  6 10  2  8 14  5 17  9  6  4 13  3  2 18  6 20
10 17 12 18 20 17  5  7 18  1  4 18  9 17 14 15 11 18 16 18
 9  3  9 14 10  1 15 18  8  4  9 20  2 15 19 15 17  7 10  6
11  6 14  6 18  8 20  6  7  6 13  2  6  9  6 17  6 12 19  6
14  5 14  3 12 14  2 20  9  8 16  7 11 14 18  9  1 14 14 13
18  2  6 15  2  5 10  2  4  9 20  3  3 11  3 13  9 16  1  3
14  8 15  9 11 14 17  1  9 19 17 12 17 17  7 17 20  6  4 10
 3  6 11 17 10 19  9  2  6  6  7  8 12  8 10  4  5  8 18  6
 5  7  3 12  2 13  7  9 15 16  7 18  5 19 13  1 12 14  5 17
 3 18  7  1  3  6 11 15 16  7 19  3  4  2  5  2 14  7  9  7
17 10  7 10 13  6 19  2  5 18  6 14  2  1 12 20  2  9 11  2
 6 16  7  4  7 20  1 13  1  7 17  6 19 12  1 14 18 10  6  3
16  6 18  7  3  9 15  7 12 11  6 19  7 16  2  6 13  1  8  1
 8 10  2 19  2  7  2 11  2 14  5  2 18 20  2  6 16  3  2 15
19 11 13  8 10 18 14  8 17  8  9 16 18  2 20  7 18  1  5  1
 3 14  2 12  6 12  1 10 12 17  3  3 20 18  9 12 19 11  3  5
 2 12  9 20  1 11  1 14 10  8  1 17 16  9 15  5  7  8 13  9
14  9  4 12 15  9  6 10 19 10  2 10 13  7  9 18  9 20 12 11
 1 17 12  9  1  2 16 19  1 13 12 10 14 12  8 12  6  5  7 14
